00000000000000000011000100000000001000010000000000000000000100000000000000000000000000000000000000000000000000000000000000000001110010100000000000000000001000000000000000000000010010000000000000000000
00000000000000000100100001001101101110010000001000000000001110000000000000000000000000110000000000000000000000000000000000000000100000010000000000000000000000000000000000000000001100000000000000000000
00000000000000000011000000100101101110010001110000000000011010000000000000000000000001110000000000000000000000000000000000000000101110100000000000000000000000000000000000000000000000000000000000000000
00000000000000000011000000000000000000010000000000011000010110000000001100000000000000110000000000000000000000000010000000000000011101000000000000000000000000000000000000000000000000000000000000000000
00000000000000000010000000000000000000001010010000010000000110000000001010000000000000000000000000000000000000000010000000001111110000000000000000000000000000000110000001100000000000000000000000000000
00000000000000000110011100000001110000001100010000011010011100000001000000000000000000000000000000000110000000000010000000001011010000000000000000000000000000010011000001100000000011100000000001100000
00000000000000000100000100000000000000000111110000000100001100001000101001000000000000100100000000001001000000000000000000000100001000000000000001100000000000010000100000000000000000100000000010100000
01100000000000000000010100000000000000000011000000000000000000010000001000000000000010001101000000000110000000000000000000000001010000000000000010010000000000100010100000000000000100000000000001000000
01100000000000010000011000000000000000000000000000000000000000010000101100000000000100001010000000000000000000000000000000000000100000000000000001100000000000011101000000000000000111001000000000000000
00000000000101101000001000000000000000000000000000000000000000001000001100000000000010011000000000000000000000000000000000000000000000000000000000000000000000000000000000000000000001000100000000000100
00000000001010101000001100000000000000000000000000000000000000000000011000000000000001100000000000000000000000000000000000000000000000000000000000000000000000000000000000000000000000000010000000001110
00000000001000010000001010000000000000000000000000000000000000000000010000000000000000000000000000000000000000000000000000111000000000000000000000000000000000000110000000000000000011111100000000011011
00100000001010000000000100000000000000000000000000000000000000000000000000000000000000000000000000000000000000000000000000000100000000000000000000000000000000001010000000000000111111101100000000001110
01110000000100000000000000000000000000000000000001000000000000000000000000000000000000000000000000000000000000000000000010000100000000000000000000000110000000000100000000000001101000000000000001000100
11101000000000000000000000000000000000000000000010100000000000000000000000000000000000000000000000000000000000000010000100000100000000000000000000001000100000000000000001011101000000000000000010100000
01001000000000000000000000000000000010000000000011000000000000000000000000000000000000000000000000000000000000000010011011000000100000000000000000010000010000000000000001111111000000000000000100010001
00101100000000000000000000000000000111100000000000000100000000000000000000000000000000000000000000000000000000000001000100010000110000000000000000011000010000000000000000110000000000000000000100000010
00001100000000000000000000000000000100010000000000011011000000000000000000000000000000000000000000000100000000000000010111010000001000000000010000011010010000000000000000000111000000000110000101100001
00000000000000000000000000000000000010010000000000000100000000000000000000000000000000000000000111001010000000000000011111000011010000000000000011001111100000000000000000011001000000000111000100000000
01110000000000000000000000000000000011100000000000000000000000000000000000000000000000000000001010001010000000000000000000000011000000000000001010111100000000010000000000011011100000000000000011000000
00000000000001000000000000000011000000000000000000000000000000000000000000000000000000000000011100010100000000000011000000000100000000000000000000011000000000010000000000001011101000000000000000000000
00000000000010100000000000000011000000000000000000000000000000000000000000000000000000000000000000111000000000000011000010001011000000000000001100000000000000010000000000010000001000000000000000000000
00000000000001100000000000000000000000000000000000000000000000000000000000000000000001100000011000110000000000000000000010001011000000000000000100000000000000000000000000011111000000000000000001100000
01110000000000000110011100000000000000000000000000000000000000000000000000000000000001101100010000110110000000000000000001000000100000000000000011101000000000000000000000100111000000000000000001010000
01010000000000001110000000000000000000000000000000000000000000000000000000000011000001100010001000000000000000000000000000000010010000000000000001110000000000000000000000111011100000000000000001010000
10010000000000000000000000000000000000000000000000000000000000000000000000000000000010001001000000010010000000000000000000000011010000000000000000100000000000000000000000110001100000000000000011010000
00000000000000000000000000000000000000000000000000000000000000000000000000000000100011100111000000010010000000000000000000000000100000000000000000000000000000000000000000001000000000000000000010010000
00000000000000000000000000000000000000000000000000000000000000000000000000000000011010100010000000011100000000000000000000000000000000000000000000000000000000000000000000000101000000000000000000000000
00000000000000000000000000000000000000000000000000000000000000000000000000011000011001111000000000011000000000000000000000000000000000000000000000000000000000000000000000001101100000000000000000001000
00000000000000000000000000000000000000000001000000000000000000000011000000100010010000111000000000001010000000000000000000000000000000000000000000000000000000000000000000000001100000000000000000110000
00000000000000000000000000000000000011000010100000000000000000000011000000000000010000110000000000000110000000000000000000000000000000000000000000000000001000000000000000001000000000000000000000000000
00000000000000000000000000000000000011000010100000000000000000000000000000000010100000000000000001100000000000000000000000000000000000000000000000000000001010000000000000000111000000000000000000000000
00000000000000000000000000000000000000000001000000000000000000000000000000010000100000000000011100100000000000000000000000000000000000000000000000000000000001000000000000000001000000000000000000000000
00000000000000000000000000000000000000000000000000001100000000000000000000010001000000000000001111100000001110000000000000000000000000000000000000000111000110000000000000000000000000000000000000000000
00000000000001000000000000000000000000000000000000001100000000000000000000001000100000000000010001000000010010000000000000000000000000000000000000000100000000000000000000000000000000000000000000000000
00000000000010100000000000000000000000000000000000000000000000000000000000000111000000000000110010000000100010000000100000000000000000000000000000000111000000000000000000000000000000000000000000000000
00000000000010100000000000000000000000000000000000000000000000000000000000000000000000000000110100000000100000000000010000000000000000000000000000000000000000000000000000000000000000000000000000000000
00000000000001000000000000000000000000000000000000000000000000000000000000000000000000000000101000000000100010000010010000000000000000000000000000000000000000000000000000000000000000000000000000000000
00000000000000000000000000000000000000000000000000000000000000000000000000000000000000000000111000000000010010000001011000000000000000000000000000000000110000000000000000000000000000000000010000000000
00000000000000000000000000000000000000000000000000000000000000000000000000000000000000000000000000000000001110000000111110000000000000000000000000000001001000000000000000000000000000000000101000000000
00000000000000000000000000000000000000000000000000000000000000000000000000000000000000000000000000000000000000000000000100000000000000000000000000000001010000000000000000000000000000000001001000000000
00000000000000000000000000000000000000000000000000000000000000000000000000000000000000000000000000001100000000000000001000000000000000000000000000000000100000000000000000000000000000000000110000000000
00000000000000000000000000000000000000000000000000000000000000000000000000000111000000000000000000001100000000000000000000000000000000000000000001000000000000000000000000000000000000000000000000000000
00000000000010000000000000000000000000000000000000000000000000000000000000000111100000000000000000000000000001000000000000000000000000000000000010100000000000000000000000000000000000000000000000000000
00000000000010100000000000000000000000000000000000000000000000000000000000000000100000000000000000000000000001000101000000000000000000000000000010010000000000000000000000011000000111000000000000000000
00000000000011000000000000000000000000000000000000000000000000000000000000000000010000000000000000000000000001000011000000000000000000000000000001001000000000000000000000100000001100100000000000000000
00000000000000000000000000000000000000000000000000000000000000000000000000000000001100000000000000000000000000000000000000000000000000000000000001000100000000000000000000100000000000110000000000000000
00000000000000000000000000000000000000011000000000000000000000000000000000000000001100000000000000000000011100000000000000000000000000000000000000000100000000000000000000000000001110100000000000000000
00000000000000000000000000000000000000101000000000000000000000000000000000000110101100000000000000000000000000000000000000000000000000000000000000100010000000000000000000011100000000000000000000000000
00000000000000000000000000000000000000010000000000000000000000000000110001000010001000000000000000000000000000000000000000000000000000000000000001101110000000000000000000000110000000000000000000000000
00000000000000000000000000000000000000000000000000000000000000000000000001010011011000000000000000000000000000000000000000000000000000000000000000100100000000000000001100000010011100000111000000000000
00000000000000000000000000000000000000000000000000000001100000000000000001001011011000000000000000000000000000000000011100000000000000000000000000011000000000000000010010000010010100000101000011110110
00110000000000000000000000000000000000000000000000000010010000000000000001001111111000000000000000000000000000000000000000000000000000000000011100000000000000000000001100000000010010001001000100000010
00001000000000100000000000000000000000000000000000000001100000000001000000000011100000000000000000000011000000000000000000000000000000000000010010000000000000000000000000000000001101010110000011000100
00001000000001010000000000000000000000000000000000000000000000000001001010010000000000000000000000000011000000000000000000000000000000000000010001000000000000000000000000000000001001010010000000000100
00001000000001010000000000000000000000000000100000000000000000001010010001000000000000000000000000000000000000000000000000011000000000000000001001000000000000000000000000000000000000100000000000000101
10110000000000100000000000000000000000000000100000000000000000011010000110000000000000000100000000000000000000000000000000111111110000000000001101000000000000000000000000000000000101010100000100001101
11000000000000000000000000000000000000000000000000110110000000001001110010000000100000001010000000000000000000000000000001110111110000000000110110000000000000000000000000000000000011011000001010000100
01000000000000000000000000000000000000000000000001000101000000001110000001000000100000001010000010000000000000000000000000100010000000000000110000000000000000000000000000000000000010001000001100000010
10000000000000000000000000000000000000011001110001010000000000000101100101000000100000111100000101000000000000000000000000010010110101110000100100100000000000000000000000000000000000000000000000000011
00000000000000000000000000000000000001111001110001100000000000000101000010000000000001111000000101000000000000000000000000000001111100100000011100010000000000000000000000000000000000000000000000000000
00000000000000000000000000000000000011010000110000000000000000000010010000000000000011111000000010000000000000000000001000000000000111100000001000100000000000000000000000000000000000000000000000000000
00000000000000000000000000000000000011000000100000000000000000000011100000000000000100000100000000000000000000000000011100000000000001000000000001000000000000000000000000000000000000000000110000000000
00000000000000000000000000000000000000001000110000000000000000000000000000000000001100100110000000000000000000000000110110000000000001001100000000000000000000000000000000110000000000011001010000000000
00000000000000000000000000000000110000101000011000000000000000000000000000000000011101010111000000000000000000000001110111000000000000100010100000000000000000000000000000110000100000100111010000000000
00000000000000000000000000000000110000110000001000000000000000000000000000000000001100100110011000000000000000000001110110000000000000000000000000000000000000000000000000000000100000000101100000000000
00000000000000000000000000000000000000100000000000000000000000000000000000000000000100000100011000000000000000000000110000000000000000100000000100000000000000000000000000000000100001000001100000000000
00000000000000000000000000000000000000000000000000000000000000000000001000000000000011111000000000000000000000110000010010000000000001110000000000000000000000000000000000000000000001101111000000000000
00000000000000000000000000000000000000000000000000000000000110000000000010001110000001110000100000000000000011001000011100000000000010110001101100000000000000000000000000000000000000011110000000000000
00000000000000000000000001100000000000000000000000000000000110000000000110000001000000100001110000000000000011011000010010000000000011001100000000010100000000000000000000000000000000000000001110000000
00000000000011000000000001100000000000000000000000000000000000000001000000000111000000000010111000000000000011011000011100000000000000001100100000100100000000000000010000000000000000000000001010000000
00000000000011000000000000000000000000000000000000000000000000010100100000000000000000000010001100000000000000100000011000000000000000011100000100010100000000000000101000000000000000000000001110000000
00000000000000000000000000000000000011100000000000000000000000110011100000000000000000000001110100000000000000000000011100000000000000010100000100000000000000000000101000000000000000000000000000000000
00000000000000000000000000000000000000000000000000000000000000011001000000000000000011100000111000000000000000000000010100000000001001010100110110000000000000000000010000000000000000000000000000000000
00000000000000000000000000000000000000000000000000000011000000001110000000000000000010100000000000000000000000000000001000000001110000010011100110000000000000000000000000000000000000000000000000000000
00000000000000000000000000000000000000000000000000000100100000000010000000000110000110110000000000000000000000000000000000000010000000011111110100000000000000000000000000000000000000000000000000000000
00000000000000000000000000000000000000000000000000000100100000000000001110000000000100100000000000000000000000000000000000000010011100010000110000000000000011000000000000000000000000000000000000000000
00000000000000000000000000000000000000000000000000000011000000000000010001000000000111000000000000000000000000000000000000000001110010010000011010000000000011000011000000000000000000000000000000000000
00000000000000000000000000000000000000000000000000000000000000000000010001000000000000000000000000000000000000000000000000000000000001100000000100000000000000000011000000000000000000000000000000000100
00000000000000000000000000000000000000000000000000000000000000000000001110000000000000000000000000000000000000000000000000000000000000000000000000000000000000000000000000000000000000000000000000000100
00000000000000000000000000000000000000000000000000000000000000000000000000000000000000000000000000000000000000000000000000000000000000000000000000000000000000000000000000000000000000000000000000000100
00000000000000000000000000000000000011000000000000000000000000000000000000011000000000000000000000000000000000000000000000000000000000000000000000000000000000000000000000000000000000000000000000000000
00000000000000000000000000000000000011000000000000000000000000000000000000010100000000000000000000000000000000000000000000000000000000000000000000000000000000000001001000000000000000000000000100000000
00000000000000000000000000000000000000000000000000000000000000000000000000000110000000000000000000000000000000000000000000000000000000000000000000000000110000000010001000000000000000000000001110000000
00000000000000000000000000000000000000000000000000000000000000000000000000000011000000000000000000000000000000000000000000000000000000000000000000000000111000000001000001000000000000000000011011000000
00000000000000000000000000000000000000000000000000000000000000000000000000000111000000000000000000000000110000000000000000000000000000000000000000000001001100000000000010011110000000000000000011100011
00000000000000000000000000000000000000000000000000000000000110000000000000000000111000000000000100000000110000000000000000000000000000000000000000000010100110000000000010000001000000000000000011011100
01000000000000000000000000000000000000000000000000000000001010000000000000000000001000000000000100000000000000000000000000000000000000000000000000000010101010000000000000011110000000000000010001000100
10100000000000011000000000000000000000000000000000000000001100011000000000010000111000000000000100000000000000000001010000000000010000000000000000000001100000000000000011100000000000000000010000001000
10100000000000100100000000000000000000000000000000111000000000100100000000110000000000000000000000000000000000000010011000101000101000000000000000000000000001100000000000000000000000000000000000000000
00000000000000011000000000000000000000000000100011001000000000011000000001011000000000000001110001110000000000000010011001001001100000000000000000000000000001100000000000000000000000000000000000011000
00000000000000000000000000000000000000000000101100001000000000000000000011100000000000000000000000000000000000000011001100101001101100000011000000010000001101100000000000000000000000000000000000000000
00000000000000000000000000000000000000000000100000001000000000000000000001100110000000000000000100000000000000000001000000000011111100000101000000011100000000000000000000000000000000000000000000000000
00000000000000000000000000000000000000100000000100010000000000000000000000111010000000000000000100000000000000001000100000000010111000000110000000001000000000000000000000000000000000000000000000000000
00000000000010000000000000000000000000100000000111000000000000000000000000011100000000000000000100000000000000011000000000000011001000000000000000000011000000000000000000000000000000000000000000000000
00000000001101101000000000000000000000100000000010000000000000000000000000001000000000000000000000000000000000101000000000000000000111110000000111000100000000000000000000000000000000000000000000000000
00000000001001000100000000000000000000000000001101000000000000000000000000000000000000000000000000000000000000110000000000000000001010011000000000011010000000011011000000000000000000000000000000000000
00000000010010001000000000000000001110000000011001000000000000000000000000000000000000000001000000000000000000000000010000000000011000001100000000011101000010010001000000000000000000000000000000000000
00000000001001000000000000000000000000000010000000000000000000000000000000000000000000000010100000000000000000000000011000000000010011010010000000100110101011001110000000000000000000000000000000000000
00000000001101000000000000000000100000100010001100000000000000000000000000000000000000000110110000000000000000000000010100000000011110010010000000001101001001001110000000000000000000001100000000000000
00000000000001100000000000000000100000100010001000000000000000000000000000000000000000001010110000000000000000000000000110000000001000000010000000001111000110000000000000000000000000001100000000000000
00111000000000000000000000000000100000100001110011000000110000000001110000000000000000011100110000000000000000000000001100000000000000010010000000000010000000000000000000000000000000000000000000000000
00000000000000000000000000000000000000000000000011000000110000000000000000000000000000010101000000000000000000011100001000000000000000001010000000000000000000000000000000000000000000000000000000000000
00000000011000000000000000000000001110000000000000000000000000000000000000000000000000110000000000000010000000110110000000000000000000000100000000000000000000000000000000000000000000000000000000000000
00000000011000000000000000000000000000000000000000000000000000000000000000000000000000011000000000000100000001000010000000000000000000000110000000000000000000000000000000000000000000000000000000000000
00000000000000000000000000000000000000000000000100000000000000000000000000000000000000000000000000001100000110011100110000000000000000000001100000000000000011000000000000000001110000000000000000000000
00000000000000000000000000000000000000000000001110000000000000000000100000000000000000000000000000001101000000001100110001000000000000000000100000001011000000000000000000000000000000000000000000000000
00001110000000000000000000000000000000000000011111000000000000000001010000000000000000011100101000000010000111000110110001110000000000000000000000000101111101000000000000000000000000000000000000000000
00000000000000000000000000000000000000000000110001100100000000000001010000000000000000000101001000000000010001000011000000110000000000000000000000000001101100000000000000000000000000000000000000000000
00000000000000000000000000000000000000000000011111000100000000000000100000000000000000001001001000000000111100000000000000000000000000000110000000000000111010000000000000000000000000000000000000000000
00000000000000001000000000000001100110000000001110000000110000000100000000000000000000000001110000000000110000000000000000000000000000000110000000000000000111000000000000000000000000000110000000000000
00000000000000011100000000000001100110000000000100000000110000001010001100010000000000000010000000000000000001100000000000000000000000000000000000000000001001000000000000000000000000000110000000000000
00000000000000001010000000000000000000000000000000000000000000001010001100101000000000000010100000000000000001011000000000000000000001000000000000000000000110000000000000000000000000000000000000000000
00000000000000000011000000000000000000000000000000000000000000000100000000101000000000000100100000000000000000010010000000000000000001000000111000000000000110000000000000000000000000000000000000000000
00000011000000000111000000000000000000000000000000001100000000000000000000011100000000000011000000000000000000000011000000000000000000011110111000000000000000000000000000000000000000001100000001010000
00000011000001000010000000000000000000000000000000000000000000000000000000000100000000000001100110000000000000000000000000000000000000001110011000000000000000000000000000000000000000010010000001010000
00000000000000001100000000000000000000000000000000000000000000000000000000001100000000000011101001000000000000010000000000000000000000111010000000000000000000000000000000000000000000001100000000100000
00000000000001111000000000000000000000000000000000000000000000000000000000010000000000000011101110000000000000111100000000000000000000100000000000000000110011000000000000000000000000000000000000000011
00000000110011000000000000000000000000000000000000000000000000000000000000100000000000000000000000000000000001101100000000000000000000011010000000000000000011000000000000000000000000000000000000000000
10000000000011000000000000000000000011000000000000000010000000000000000000010011000000000000000000000000000011000010000000000000000000000100000000000000010000000000000000000000000000000000000000010001
00000010110010100000000000000000000100100000000000000101000100000000000000001110000000000000000000000000000011001010000000000000000000000000000000000011000010000000000000000000000000000000000001000001
00001000000001000000000000000000000011000000000000000000000011000000000000000010000000000000000000000000000001110010000000000000000000000000000000000001011100000000000000000000000000000000000001000001
00001000110000000000000000000000000000000000000000000000000010000000000000000000000000000000000000000000000000111000000000000111000000000000000000000000100000000000000000000000000000000000000001101100
00001011110000000000000000000000000000000000000000000000000010000000000000000000000000001110000000000000000000010000000000000000000000000000000000000000000000000100000000000000000000000000000000100000
00000000001110000000000000000000000000000000000100000000000000000000000000000000000000010001000000000000000000000000000000010000010000001000000000000000000000000010000000000000001110000000000001101000
00000000000010000000000000000000011000000000000100000000000001100000000000000011000000100001100000000001100000000000000000010000010000001000000000000000000000000010111100000000010010000000000010000000
00000000001011000000000000000000100100000000000100000000000000000000000000000110000000000010110000000001100000000000000000010000010000001000000000011011000000000011110010000000101111000000000010000011
00001100111011000000000000000000011000000000000000000000000000000000000000000000011101000110100000000000000000000000000000000000000000000000000000001010000000011011010000000000011111100000000000000000
00001100000011100000000000000000000000000000000000000000000000000001000000000000011010001111000000000000000100000000000000000111000011100011100000000100000000001100001010000000100010010000000000100111
00000000000000000000000000000000000000000000000110000000000000000010100000000000010011100000000000000000000100000000000000000000000000000000000000000000000000000000000000000000000100100000000100000000
00000000000000010000000000000000000000000000001001000000000000000010011011000000100110000000000000000000000100000000000000000000000000000000000000000000000000000000000000000000000010100000000011011000
01001110001101100110000000000000000000000000000110000000000000000001111101000000011000000000000000000000000000000000000000000000000000000000000000000000000000000000000000000001010000000001010011110000
00100001000000100000000000000000000000000000000000000000000000000000000011000000000000000000000000000001110001110000001100000000000000000000000000000000000000000000000000000001000000000001001001100000
00011001000000010110000100000000000000000001100000000000000000000000000000000000000000000000000000000000000000000000001100000000000000000000000000000000000000000000000000000001001000000001010001100000
00011000011100100100000110000000000000000001010000000000000000000000000000000000000000000000000000000000000100000000000000000000000000000000000000000000000000000000000000000000001000000000100010000000
00000111100011000000001011000000000000000000100000000000000000000000000000000000000000000000000000000000000100000000000000000000000000000000000000000000000000000000000000000000010000000000000001100000
00000001100001000000000000100000000000000000000000000000000001100000000000000000000000000000000000011000000100000000000000000000000000000000000000000000000000000000000000000000101000000000000000000000
00010000001110010000000000110000000000000000000000000000000001100000000000000000000000000000000000011000000000000000000000000000000000000000000000000000000100000000000000000000100010000000000000000000
00111000010000100000000010100000000000000000000000000000000000000000000000000000000000000000000000000000000000000000000000000000000000000000000000000000001010000000110000000000110010000000000000000000
00111000110000000000010100000000000000000000000000000000000000000000000000000000000000000000000000000000000000000000000000000000000000000000000000000000001010000001001001100000011000000000000000000000
00000001010000000000100001000000000000000000000000000000000000000000000000000000000000000000000000000000000000000000000000000000000000110000000000000000000100000000110001100000000000000000000000000000
00000000100000000001000010000000000000000000000000000000000000000000000000000000000000000000000000000000000000000000000000000000000000110000000000000000000000000000000000000000000000000000000000000000
00000000000000000000100010000000000000000000000000000000000000000000000000000000000000000000000000000000000000000000000000000000000000000000000000000000000000000000000000000000000000000000000000000000
00000000000000000000000000000000000000000000000000000000000000000000000000000000000000000000000000000110000000000000000000000000000000110000000000000000000000000000000000000000000000000000000000000000
00000000000000000000010000000000000000000000000000000000000000000000000000000000000000000000000000001101100000000000001110000000000000110000000000000000000000000000000000000000000000000000000000000000
00000000000000000000101100000000000000000000000000000000001000000000000011000000000000000000000000000111100000000000000000000000001000000000000000000000000000011000010000000000000000000000000000000000
00000000000000000000011100000000000000000000000000000000010100000000000011000000000000000000000000000011000000000000100000100000010110000000000000000000000000011000101000000000001010000000000000000000
00000000000000000000101100000000000000000000000000000000011000000000000000000000000000000000000000000000000000000000100000100000010000000000000000000000011000000000101000000000001001000000000000000000
00000000000000000000101000000000000000000000000000000000000000000000000000000001100000000000000000000000000000000000100000100011010001000000000000000000011000000000010000000100000011000000000000000000
00000000000000000110001000000000000000000000000000000000000000000000000000000010010000000000000000000001100000000000000000000010001001000000000000111000000000000000000000010001000000000000000000000000
00000000000000000010000000000000000000001100000000000000011000000000000000000001100000000000000000000001100000110000001110000011100000000000000000000000000000000000000000010000100000000000000000000000
00010100001110000010000000000000000000001100000000000000011000000000000000000000000000000000000000000000000000110000000000000000000001000000000000000000000000000000000000100000110000000000000001100000
00010100000000000111110000000000000000000000000000000000000000000000000000000000000000000000000000000000000000000000000000110000000111000000000000000000000000000000000111011100110000000000000001100000
00010010000000000000000000000000000000000000000000000000000000000000000000000000000000000000000000000000000000000000000011001000000000000000000000000000000000000000000110011000000000000000000000000001
10010100000000000000000010000000000000000000000000000000000000000000000000000000000000000000001000000000000000000000000011011100000000000000000000000000000000000000000000000100000000000000000000000100
00000011000000000000000001100000000000000000000000000000000000000000000000000000011100000000000100000000000000000000000000001000110000000000000000000000000000000000000000000000000000000000000000011000
00011010100000000000001001100000000000000000000000000000000000000000000000000000100010000001000000000000000000000000000001000000110000000000000000000000000000000000000000000000000000000000000000010000
00000100000000110000011111000000000000000000000000000000000000000000000000000000100001000000001000000000000000000000000001110000000000000000000000000000000000000000000000000000000000000000000000000000
00000011100001001000011101110000000000000000000000000000000000000000000000000100000001000001110000000000000000000000000000000000000000000000000000000000000000000000011000000000000000000000000001100001
10001010000001101000001100100100000000010000000000000000000000000000000000001101110001000000000000000000000000000001100000000000000000000000000000001000000000000000011000000000000000000000000011100010
00010001000001101100000000010000000001010000000000000000000000000000000000000101110010000000000001100000001100000001010110000000000110000000000000001000000000000000000000000000000000000000000101100000
00010001000000010111111100000010000000110000000000000000000000000000000000000000000100000000000001100000010010000000000011000000111001000000000000001000000000000000000000000000000000000000000100000000
00010001000000000011111100100000000000000000000000000000000000000000000000000000000000000000000000000000001100001111000000100001011101000000000000000000000000000000000000000000000000000000000011110000
00001010000000000001001001101100000000000000000000011000000000000000000000000000000000000000000000000000000000000000000110000001010010000000000000000000000000000000000000000000000000000000000000110000
00001110000000000000000000110000000000110000000000011000000000000000000000000000000000000000000000000000000001011001100000000000000000000000000000000000000000000000000000000000000000000000110001110000
00000000000000000000000000000000000000110000000000000000000000000000000000000000001000000000010001100000000011000110000000000000000000000000000101000000000000000000000000000000000000000000110001010100
00000000000000000100000000000000000000000000000000000000000000000000000000000000010100000000101001100000000001010101101000000000000000001110001000000000000000000000000000000000000000000000000110011010
00000000000011101000000000000000000000000000000000000000000000000000010000001100011000000000110001010000000000110111101000000000000000001010000000000000000000000000000000000000000000000000000110001101
01010000000100111000000000000000000000000000000000000000000000000000000011001100000000000000000001110000000000011100000000000000000000001110001000000000000000000000000000000000000000000000000110000000
00111100000101110000000000000000000000000000000000000000000000000000010100000000000011000000000111001000000000000000000000000000000000000000001001000100000000000000000000000000000000000000000000000110
00001100000010000000000000000000000000000000000000000000000000000000000000000000000011000000000101111000000000000000000000000000000000000000000000100111000000000000000100000000000000000000000000000000
00000010000000000000000000000000000000000000011100000000000000000000000000000000000000000000000101100000000000000000000000000000000000011100001101100000000000000000000100000000000000000000000000000001
10001100000000000000000000000000000000000000011000000000000000000000000000000000000000000000000111100000000000011100000000000000000000011100000001100000000000000000000100000000000000000000000000000000
01101100000000000000001110000000000000000000000000000000000000000000000000000000000000000000000010000000000000010011000000000000000000000000000000000000000000000000000000000000000000000000000001000000
00000000000000000000000000000000000000000110000001110001000000000000000000000000000000000000000001100000000000011001000000000000000000000000000000000000000000000000000000000000000000000000000000000000
00000000000000000000000000000000000000001010000001110001000000000000000000000000000000000000100000100000000000000111000000000000000000000000000000000000000000000000000000000000000000000000000000000000
00000000000000000000000000000000000000000100000011000101000000000000000000000000000000000001110000000000000000000000010000000000000000000000000000000000000000000000000000000000000000000000000000000000
00000000000000000000000000000000000000000000000000110000000000000000000000000000000000000000000000110000000000000000101000000000000000000000000000000000000000000000000000000000100000000000000000000000
00000000000000000000000000000000000000000000000000110000000000000000000000000000000000000000000001110000000000000001001000000000000000000000000000000000000000000000000000000000100000000000000000000000
00000000000000000000000000000000000000000000000000000000000000000000000000000000000000000000000010100000000000000000110000000000001100000000000000000000000000000000000000000000100000000000000000000000
00000000000000000000000000000000000000000000000000000000000000000010000000000000000000000000000010000000000000000000000000000000010010000000000000000000000000000000000000000000000000000000000000000000
00000000000000000000000000000000000000000000000000000000000000001110011000000000000000000000000011011000000000000000000000000000001100000000000000000000000000000000000000000000000000000000110000000000
00000000000000000000000000000000000000000000000000000000000000111011001100000000000000000000000001011000000000000000000000000000000000000000000000000000000000100000000000000000000000000000110000000000
00000000000000000000000000000000000000000000000010110000000000110000010000000000000000000000000011011000000000000000000000000000000000000000000000000000000001010000000000000000000000000000000000000000
00000000000000000000000000001100000000000000000111110000000001000101000000000000011000000000000001100000000000000000000000000000000000000000000000001100000001100000000000000000000000000000000001110000
00000000000000000000000000001100000000000000001000100000000000101110000100000000100100010000000000000000000000000000000011000000000000000000000000001100000000000000000010100000000000000000110001010000
00000000000000000000000000110000000000000000001010000000000000011010001100000000011001100000000000000000000000000000000000100000000000000001000000000000000000000000000100100000000000000000111010010000
00010000000000000000000000110000000000000000000000100000000000000100011100000000000001101100000000000000000000000000000100000000011000000001000000000000000000000000000101100000000000000000001111110000
00101000000000000000000000000000000000000000000100100000000000000100000000000000000000011100000000000000110000000000000011000000010100000001000000000000000000000000000110000000000000000000001101000000
00101000000000000000000000000000000000000000000001000000000000000000011100000000000000001010000000000000101000000000000000000000010000000000000000000000000000000001100010000000000000000000001100010000
00010000000000000000000000000000000000000000000000000000000000000000101000000000000000001010000000000000010000000000000000000000000000011100000000000000000000000001100001010011000000000000001101100000
00000000000000000000000000000000000000000000000000000000000000000000111000000000000000000011000000000000000000000000000000000000000000000000110000000000000000000000000001010011000000000000001101011000
00000001100000111010000001100000000000001000000000000000000000000000000000000000000000111011000000000000000000000000000000000000000000000001110110000000000000000000000000000000000000000000001101101010
00000010010000100111000000000000000000000110000000000000000000000000000000000000000001010110000000000000000000000000000000000000000000000001010010000000000000000000000000000000000000000000000110001010
00000001100000001000101000000000000000001100000000000000000000000000000000000000000011010100000000000000000000000000000000000000000000000111001100000000000000000000000000110100000000000000000010001010
00000000000000100101110000001000000000000110000000000000000000000000000000000000000111011000000001110000000000001100000000000000000000000111001000000000000000000000000000000110000000000000000000001010
00010000000000001000100011001000000000000011000000000000000000000000000000000000000000000000000000000000000000001100000000000000000000000011000000000000000000000110000000100110000000000000000000000000
00101000000000100111000001100111000000000010000000000000000000000000000000000000000000000000000000000000000000000000000000000000000000000110000110000000001000000010000000000000000000000000000000000000
00101000000000111010000010000000010000000011000000000000000000000000000000000000000000000000000000000000000000000000000000000011000000001000001001000000010100000000000000000000000000000000000000000000
00010000000000000000000011100000010000001000010000000000001000000000000000000000000000000000000000000000000000000000000000000011000001000100000110000000010100000000000000000000001100000000000000000000
